learningRate: 0.001
maxMemory: 100000
gamma: 0.99
batchSize: 64
epsilon: 1.0
epsilonDecayRate: 0.995
epsilonMin: 0.01
hidden_nodes: 128
ddqn_enable: True
tau: 0.01
train: True

2025-11-27 19:35:36.740374: epoch: 1 | totalReward = -5.000000000000002 | epsilon = 1.0 | pipes passed = 0
